4.00000 0.00000 4.50000 1.43761
3.98002 0.39933 4.50000 1.62080
3.92027 0.79468 4.50000 1.72080
3.82135 1.18208 4.50000 1.82080
3.68424 1.55767 4.50000 1.92080
3.51033 1.91770 4.50000 2.02080
3.30134 2.25857 4.50000 2.12080
3.05937 2.57687 4.50000 2.22080
2.78683 2.86942 4.50000 2.32080
2.48644 3.13331 4.50000 2.42080
2.16121 3.36588 4.50000 2.52080
1.81438 3.56483 4.50000 2.62080
1.44943 3.72816 4.50000 2.72080
1.07000 3.85423 4.50000 2.82080
0.67987 3.94180 4.50000 2.92080
0.28295 3.98998 4.50000 3.02080
-0.11680 3.99829 4.50000 3.12080
-0.51538 3.96666 4.50000 -3.06239
-0.90881 3.89539 4.50000 -2.96239
-1.29316 3.78520 4.50000 -2.86239
-1.66459 3.63719 4.50000 -2.76239
-2.01938 3.45284 4.50000 -2.66239
-2.35400 3.23399 4.50000 -2.56239
-2.66510 2.98282 4.50000 -2.46239
-2.94957 2.70185 4.50000 -2.36239
-3.20457 2.39389 4.50000 -2.26239
-3.42756 2.06201 4.50000 -2.16239
-3.61629 1.70952 4.50000 -2.06239
-3.76889 1.33995 4.50000 -1.96239
-3.88383 0.95700 4.50000 -1.86239
-3.95997 0.56448 4.50000 -1.76239
-3.99654 0.16632 4.50000 -1.66239
-3.99318 -0.23350 4.50000 -1.56239
-3.94992 -0.63098 4.50000 -1.46239
-3.86719 -1.02216 4.50000 -1.36239
-3.74583 -1.40313 4.50000 -1.26239
-3.58703 -1.77008 4.50000 -1.16239
-3.39240 -2.11934 4.50000 -1.06239
-3.16387 -2.44743 4.50000 -0.96239
-2.90373 -2.75106 4.50000 -0.86239
-2.61457 -3.02721 4.50000 -0.76239
-2.29930 -3.27311 4.50000 -0.66239
-1.96104 -3.48630 4.50000 -0.56239
-1.60320 -3.66466 4.50000 -0.46239
-1.22933 -3.80641 4.50000 -0.36239
-0.84318 -3.91012 4.50000 -0.26239
-0.44861 -3.97476 4.50000 -0.16239
-0.04955 -3.99969 4.50000 -0.06239
0.35000 -3.98466 4.50000 0.03761
0.74605 -3.92981 4.50000 0.13761
1.13465 -3.83570 4.50000 0.23761
1.51191 -3.70326 4.50000 0.33761
1.87407 -3.53382 4.50000 0.43761
2.21750 -3.32907 4.50000 0.53761
2.53877 -3.09106 4.50000 0.63761
2.83468 -2.82216 4.50000 0.73761
3.10226 -2.52507 4.50000 0.83761
3.33885 -2.20274 4.50000 0.93761
3.54208 -1.85841 4.50000 1.03761
3.70991 -1.49551 4.50000 1.13761
3.84068 -1.11766 4.50000 1.23761
3.93307 -0.72865 4.50000 1.33761
3.98617 -0.33236 4.50000 1.43761
