3.33333 0.00000 4.50000 1.43761
3.31668 0.33278 4.50000 1.62080
3.26689 0.66223 4.50000 1.72080
3.18445 0.98507 4.50000 1.82080
3.07020 1.29806 4.50000 1.92080
2.92528 1.59808 4.50000 2.02080
2.75112 1.88214 4.50000 2.12080
2.54947 2.14739 4.50000 2.22080
2.32236 2.39119 4.50000 2.32080
2.07203 2.61109 4.50000 2.42080
1.80101 2.80490 4.50000 2.52080
1.51199 2.97069 4.50000 2.62080
1.20786 3.10680 4.50000 2.72080
0.89166 3.21186 4.50000 2.82080
0.56656 3.28483 4.50000 2.92080
0.23579 3.32498 4.50000 3.02080
-0.09733 3.33191 4.50000 3.12080
-0.42948 3.30555 4.50000 -3.06239
-0.75734 3.24616 4.50000 -2.96239
-1.07763 3.15433 4.50000 -2.86239
-1.38716 3.03099 4.50000 -2.76239
-1.68282 2.87736 4.50000 -2.66239
-1.96167 2.69499 4.50000 -2.56239
-2.22092 2.48568 4.50000 -2.46239
-2.45798 2.25154 4.50000 -2.36239
-2.67048 1.99491 4.50000 -2.26239
-2.85630 1.71834 4.50000 -2.16239
-3.01357 1.42460 4.50000 -2.06239
-3.14074 1.11663 4.50000 -1.96239
-3.23653 0.79750 4.50000 -1.86239
-3.29997 0.47040 4.50000 -1.76239
-3.33045 0.13860 4.50000 -1.66239
-3.32765 -0.19458 4.50000 -1.56239
-3.29160 -0.52582 4.50000 -1.46239
-3.22266 -0.85180 4.50000 -1.36239
-3.12152 -1.16928 4.50000 -1.26239
-2.98919 -1.47507 4.50000 -1.16239
-2.82700 -1.76612 4.50000 -1.06239
-2.63656 -2.03953 4.50000 -0.96239
-2.41977 -2.29255 4.50000 -0.86239
-2.17881 -2.52268 4.50000 -0.76239
-1.91608 -2.72759 4.50000 -0.66239
-1.63420 -2.90525 4.50000 -0.56239
-1.33600 -3.05389 4.50000 -0.46239
-1.02444 -3.17201 4.50000 -0.36239
-0.70265 -3.25843 4.50000 -0.26239
-0.37384 -3.31230 4.50000 -0.16239
-0.04130 -3.33308 4.50000 -0.06239
0.29166 -3.32055 4.50000 0.03761
0.62171 -3.27484 4.50000 0.13761
0.94554 -3.19641 4.50000 0.23761
1.25993 -3.08605 4.50000 0.33761
1.56172 -2.94485 4.50000 0.43761
1.84791 -2.77422 4.50000 0.53761
2.11564 -2.57588 4.50000 0.63761
2.36223 -2.35180 4.50000 0.73761
2.58522 -2.10422 4.50000 0.83761
2.78238 -1.83562 4.50000 0.93761
2.95173 -1.54867 4.50000 1.03761
3.09159 -1.24626 4.50000 1.13761
3.20057 -0.93139 4.50000 1.23761
3.27756 -0.60721 4.50000 1.33761
3.32181 -0.27696 4.50000 1.43761
